1 0.453187 0.0209736 0.0119123 -0.000357459 -0.0198427 0.440417 0.163334 0.0703885 0.0616641 0.0589123 0.0382085 0.0254077 0.0239464 
1 0.174061 -0.0269476 -0.0174693 -0.00745334 -0.0195183 0.153223 0.0278579 0.014114 0.0304186 0.0168419 0.000241655 -0.00914691 -0.0197256 
1 0.610709 -0.0380577 -0.0251929 -0.00419254 -0.0406535 0.509123 0.101888 0.0829777 0.115172 0.0599194 0.00632261 -0.000277974 -0.0110503 
1 0.523411 -0.00169882 0.0188256 0.0147656 -0.0322759 0.438677 0.0983336 0.0439697 0.0616399 0.0584805 0.0217531 -0.0167568 -0.0300347 
1 0.410808 -0.0101127 -0.0138738 -0.01647 -0.0357721 0.397238 0.155136 0.0627809 0.0362592 0.0287908 0.0135997 0.00221568 -0.00193064 
1 0.432621 -0.000192877 0.00456317 -0.000843957 -0.0226712 0.384374 0.111578 0.0593862 0.054297 0.0472674 0.0299302 0.0133029 -0.0005387 
1 0.595019 -0.0518863 -0.0416661 -0.0430863 -0.0767782 0.555005 0.155464 0.0456606 0.0665337 0.0684641 0.0240199 -0.0257707 -0.0511514 
1 0.380532 0.027161 0.0449172 0.047899 0.027179 0.369847 0.115115 0.048755 0.0970685 0.117789 0.090392 0.0564835 0.0308843 
1 0.461465 -0.012212 -0.0153357 -0.0292082 -0.0433301 0.364268 0.0814678 0.039506 0.0379668 0.0417123 0.00518763 -0.0128494 -0.0137224 
1 0.20522 0.0101476 0.0031768 0.00690452 -0.00640249 0.17503 0.0588323 0.0512021 0.0279361 -0.00143402 -0.0107268 0.00628161 0.020141 
1 0.41828 0.0132084 0.0201235 0.0445179 0.0189264 0.348352 0.0853741 0.0850138 0.0688659 0.0208003 0.00499212 0.0151667 0.0259548 
1 0.51623 0.00907938 -0.0085444 -0.0151986 -0.0426957 0.471822 0.124565 0.0138563 0.00171778 -0.00432989 -0.0221507 -0.0142602 0.0159055 
1 0.604579 -0.06076 -0.043417 -0.0298905 -0.0587063 0.443414 0.077961 0.146655 0.109435 0.0139425 -0.012126 0.0134814 -0.0087676 
1 0.403411 -0.031748 -0.0230488 -0.0189879 -0.0299613 0.34512 0.0678421 -0.00188488 0.00753857 0.0266882 0.0191967 -0.00681957 -0.0308762 
1 0.492284 0.0167494 0.0286125 0.027103 0.00639008 0.386256 0.0723158 0.0561816 0.0847399 0.0879233 0.0517318 0.0108698 -0.00477251 
1 0.459587 -0.00166684 -0.00713381 -0.0176831 -0.0468426 0.426084 0.150234 0.0557295 0.0356082 0.0394926 0.0193903 0.00934315 0.000361045 
1 0.445018 -0.0192148 -0.018752 -0.0241186 -0.0441817 0.364574 0.0817098 0.023801 0.0271522 0.0325235 0.00695841 -8.89e-05 -0.0105952 
1 0.545873 -0.00352672 0.00785558 0.0253299 -0.0135462 0.348871 0.0185807 0.0450088 0.0395167 0.0314228 0.0192627 0.0245102 0.0132029 
1 0.573688 0.00391548 0.00105727 0.00188371 -0.0390879 0.443356 0.149936 0.14376 0.127878 0.145898 0.0892806 0.0318625 0.0226244 
1 0.591755 -0.00415527 -0.00840919 -0.0294318 -0.0707961 0.525911 0.179128 0.118381 0.126833 0.136046 0.0807213 0.0185758 -0.00099387 
1 0.720036 -0.0398648 -0.0311072 -0.0429914 -0.0917044 0.640885 0.201563 0.110768 0.0885746 0.073622 0.0238834 -0.0104929 -0.0226319 
1 0.36568 -0.00561544 -0.0066116 -0.0149941 -0.0402695 0.355209 0.124501 0.044727 0.0393573 0.0397806 0.0241441 0.00689787 -0.0035271 
1 0.463281 0.00433016 0.00667795 -0.00278166 -0.0396127 0.418066 0.147369 0.0633853 0.0270982 0.0172249 0.0153259 0.00610855 0.00246344 
1 0.59822 0.0119114 0.0121208 0.00190748 -0.0319592 0.563218 0.186483 0.0526666 0.042341 0.0568265 0.0414049 0.0239653 0.0122755 
1 0.377443 -0.0264476 -0.0142078 -0.00536798 -0.0155315 0.292629 0.0505273 0.0235393 0.0194704 0.0212157 0.0012941 -0.0185295 -0.0290046 
1 0.689025 -0.0297497 -0.0312175 -0.0391846 -0.0552126 0.581899 0.150874 0.0814668 0.0918769 0.0853305 0.0374912 0.00141706 -0.023432 
1 0.768243 0.0922497 0.0812886 0.0173356 -0.0270717 0.648047 0.108073 0.0989047 0.199867 0.148505 0.0153371 -0.0520911 0.012794 
1 0.484612 -0.00958434 -0.0076014 -0.00971054 -0.0366362 0.395795 0.10921 0.0748148 0.0686141 0.0520199 0.0244338 -0.00422204 -0.0227591 
1 0.436427 0.00259283 -0.00180831 -0.00158596 -0.0184947 0.371106 0.124772 0.0618901 0.0577383 0.0640954 0.032224 0.00597607 -0.00264838 
1 0.555413 -0.0177274 -0.0153876 -0.0227725 -0.0559678 0.441629 0.111976 0.103271 0.0855453 0.0634606 0.0376178 0.0172119 -0.00224315 
1 0.53717 -0.0289336 -0.0241791 -0.0241191 -0.0371827 0.450277 0.0929658 -0.00469239 -0.0120484 0.00310394 -0.0167688 -0.0379781 -0.0374598 
1 0.358942 -0.0216708 -0.014023 -0.0122147 -0.0246765 0.331808 0.105033 0.0399767 0.0278306 0.0256306 0.00714956 -0.0121586 -0.0208262 
1 0.664844 -0.0499328 -0.0397545 -0.0535995 -0.0738022 0.522438 0.121875 0.0663542 0.0384167 0.0590444 0.0527111 0.0223229 -0.0235975 
1 0.524685 -0.0115959 -0.00940738 -0.0217884 -0.0455401 0.373579 0.0749906 0.0432557 0.042595 0.0500088 0.0236962 -0.0025483 -0.0179367 
1 0.517834 0.0369345 0.0546547 0.0438538 0.00451758 0.443985 0.158342 0.073582 0.0514164 0.0454562 0.0248552 0.020382 0.0329604 
1 0.288319 -0.0301851 -0.0265039 -0.0289401 -0.0340294 0.21382 0.0494746 0.0200908 0.00860528 0.0237773 0.00929928 -3.2e-05 -0.0163285 
1 0.596509 -0.0243426 -0.0147265 -0.0257757 -0.0717366 0.560809 0.202273 0.0919639 0.0571469 0.0530335 0.0211317 -0.00544751 -0.013784 
1 0.438069 -0.0455257 -0.029241 -0.00976254 -0.0289698 0.361366 0.0959362 0.0690266 0.039106 -0.00658395 -0.027995 -0.0129158 -0.0199068 
1 0.539793 -0.0071757 0.00792479 -0.00345549 -0.0312851 0.453597 0.0888084 -0.00746734 0.0167235 0.052957 0.0238513 -0.0121159 -0.0249722 
1 0.376753 -0.00672493 -0.00425338 0.000564541 -0.0193763 0.348499 0.113044 0.0242162 0.00109126 0.0047135 -0.00510718 -0.0178753 -0.00741382 
1 1.16731 0.0104485 0.0464733 0.0550157 0.00174913 0.817603 0.161036 0.0878591 -0.0287801 -0.0175625 -0.0049036 0.0172216 0.00652791 
1 0.631265 -0.0200045 -0.0324162 -0.0355157 -0.0687294 0.475044 0.104635 0.0835405 0.0626148 0.0328241 0.0142985 0.00501143 -0.0140778 
1 0.861783 0.0620127 0.104787 0.122941 0.0630439 0.607294 0.179556 0.183511 0.113287 0.0938335 0.0674935 0.0342907 0.0293116 
2 0.0697729 -0.00357853 0.00306373 0.00145883 -0.00349889 0.0559292 0.017948 0.0189823 0.0133028 0.0051087 0.00462951 0.0042089 -0.00612234 
2 0.0913569 -0.00140459 -0.000730952 0.000105074 -0.00408848 0.0559936 0.0203474 0.0142972 0.0137088 0.00363712 -0.000793455 0.00405386 -0.0110592 
2 0.0875212 -0.00388553 -0.000705321 -0.00420198 -0.00636504 0.068202 0.0113582 0.00805862 0.00184517 -0.00215988 -0.000291367 -0.00271039 -0.00797143 
2 0.0667434 0.0010269 0.000987293 0.00178756 -0.00042396 0.0491817 0.0159393 0.011503 0.00861666 0.0130817 0.00917676 0.00291732 0.001664 
2 0.082117 -0.00742835 -0.00339236 -0.000405384 -0.00583708 0.0564101 0.0122743 0.00818164 0.00411441 0.0130064 0.00423748 -0.00381404 -0.00596707 
2 0.0643418 -0.00685951 -0.00103381 -0.00215581 -0.00431381 0.0471446 0.0103845 0.00968054 0.00501927 0.00422456 0.000133722 -0.00222331 -0.00750235 
2 0.083579 -0.0118711 -0.00752739 -0.00379936 -0.00664161 0.0654113 0.0182873 0.017012 0.00931136 0.00521364 -0.000237113 -0.00474602 -0.00972742 
2 0.0865283 0.00410458 -0.000502338 0.00403686 -0.000894844 0.0520961 0.030624 0.0164056 0.0124107 0.0175932 0.0061865 0.00709558 -0.00138863 
2 0.0541556 -0.00276787 -0.000259022 -0.000849153 -0.00108611 0.0284466 0.00469907 0.0167567 0.00563757 -0.000176156 0.003198 -0.000589082 -0.00524096 
2 0.0525195 -0.00438035 -0.00207301 -5.22e-05 -0.00321752 0.0276126 0.00367093 0.0146112 0.00142656 -0.00136147 0.00118405 -0.00120534 -0.00527862 
2 0.0482946 -0.0033339 0.000510108 -0.00285483 -0.00341178 0.03449 0.00853584 0.0107138 0.0034972 0.00220349 0.00539347 -0.000684937 -0.00764357 
2 0.0505513 -0.00429001 -0.000466468 -0.00182999 -0.00422627 0.0284605 0.00796179 0.0107258 0.0049346 0.00140478 0.00242483 0.000617868 -0.00735581 
2 0.0669756 -0.00258104 0.00408963 0.00109415 -0.00597852 0.0282251 -0.00580793 0.0259694 0.00644084 -0.00901721 0.00920876 0.00608145 -0.00797287 
2 0.0658716 -0.0101383 0.00389138 0.00246346 -0.00883104 0.0287088 -0.00698882 0.0231902 0.00601012 -0.0114597 0.0050836 0.0063767 -0.0106793 
2 0.0588956 -0.00944849 0.00371242 0.000967482 -0.00718402 0.0285218 -0.00283847 0.016134 0.00922314 -0.00595882 0.00285213 0.009678 -0.00795514 
2 0.05232 -0.00189908 0.00118073 -0.00154095 -0.00173559 0.025495 0.00189192 0.0132895 0.0051887 -0.00177219 0.00388898 0.0047145 -0.00668295 
2 0.0663742 -0.00626836 0.00556297 -0.00210722 -0.00697401 0.0367425 -0.00117617 0.0178823 0.00835532 -0.00717273 0.00239813 0.00658976 -0.0105948 
2 0.0564866 -0.00696384 0.00581045 -0.000657266 -0.00681778 0.0341393 0.00298154 0.0211728 0.0109842 -0.00770673 0.0043438 0.00884059 -0.00899588 
2 0.0522042 -0.00245412 -0.000412694 0.00316025 -0.000447957 0.0248209 0.017086 0.00961822 0.00466286 0.00634635 -0.000146846 0.000982147 -0.00738163 
2 0.0855492 -0.00180487 -0.0033748 0.000127932 -0.00618394 0.0336627 0.0423048 -0.00533912 0.00494942 0.000231418 -0.00145125 0.00325693 -0.00659233 
2 0.0804357 -0.0183193 -0.00565664 -0.000937386 -0.00168466 0.0650882 0.0169938 0.0176495 0.00663973 -0.0076888 -0.00954358 -0.0159321 -0.0234077 
2 0.0665138 -0.013273 -0.00405469 -0.000767664 -0.0023289 0.0530162 0.0145033 0.0156552 0.00641042 -0.00357416 -0.0040036 -0.00857383 -0.0158471 
2 0.056921 0.00105281 0.00325237 0.000796393 -0.000439257 0.042805 0.012488 0.0170807 0.00880645 0.00254768 0.0098181 0.00358091 -0.00441924 
2 0.102442 -0.013293 0.0107095 0.00867564 -0.0103407 0.0620447 0.0197125 0.0513577 0.0271073 0.00567011 0.0128685 0.0133714 -0.00571642 
2 0.107809 -0.00611908 0.014267 0.00446223 -0.00466026 0.0411266 0.0026935 0.0571721 0.0213973 -0.00287581 0.0188272 0.0204396 -0.0116278 
2 0.100479 -0.00677744 0.00785946 0.00677818 -0.00397935 0.0433706 0.00730209 0.0418432 0.0352558 -0.00186123 0.00537127 0.0207093 -0.00652916 
2 0.110314 -0.0179655 0.0218039 0.0122026 -0.0127407 0.0202445 -0.0230837 0.0659744 0.0419976 -0.0272997 0.00924288 0.041314 -0.0109181 
2 0.0806199 -0.00588348 0.00892933 -0.000966338 -0.0046597 0.0258396 0.000874861 0.0371525 0.0115389 -0.00127034 0.0111394 0.0127459 -0.00662828 
2 0.0569781 -0.00627653 0.00592097 0.0026673 -0.00132954 0.0295244 0.00411994 0.0248467 0.0149869 -0.000663676 0.00702355 0.0126762 -0.002766 
2 0.0700317 -0.0138819 0.00579706 0.00684814 -0.010735 0.0181353 -0.00758519 0.0305354 0.017098 -0.00717155 -0.00068989 0.011569 -0.00219094 
2 0.0625125 -0.00385031 0.00612049 -0.00091393 -0.00469311 0.029895 0.00890476 0.0246535 0.00561238 0.0032301 0.00836765 0.00546524 -0.00642796 
2 0.0589382 -0.00211769 0.00336967 0.000952772 -0.00185861 0.0332058 0.00967362 0.0181911 0.00733146 -0.000417307 0.00661085 0.00306032 -0.00636851 
2 0.0672579 -0.00224221 0.0108661 -0.0102049 -0.00320761 0.0226197 0.00120374 0.0353775 0.00587329 -0.00781201 0.0119023 0.00896965 -0.0156914 
2 0.0685709 -0.0126064 0.00964309 0.000154711 -0.00752897 0.0170774 -0.0066372 0.0284741 0.0156819 -0.0142095 -0.00160476 0.0175523 -0.00979254 
2 0.0917555 -0.00843072 0.00543203 0.0024834 -0.00161771 0.0273247 -0.00860361 0.0396636 0.0127371 -0.013714 0.0117054 0.0127001 -0.0120617 
2 0.0748202 -0.00783205 0.00247609 -0.00239124 0.000644437 -0.00422105 0.0463076 -0.0203458 0.0315873 -0.0208023 0.0211173 -0.01794 0.00768362 
2 0.0611439 -0.00725478 0.00687191 0.00490937 -0.00646965 0.0323981 -0.00114339 0.0216708 0.0120065 -0.00461272 0.0076649 0.0106622 -0.00639757 
2 0.0579623 -0.00506561 0.00396421 0.00152631 -0.00449473 0.0195472 -0.000112405 0.0206909 0.0107653 -0.0118437 0.00669161 0.00602168 -0.00727534 
2 0.053221 -0.00298773 0.000588951 0.006078 -0.00765381 0.0219808 0.00647235 0.0143417 0.01078 -0.00485505 0.00279573 0.0061834 -0.00404069 
2 0.0726409 -0.00112551 0.0133952 0.00483577 -0.00589104 0.0522038 0.0181175 0.0364314 0.0240877 0.00744699 0.0189034 0.0180755 -0.00324906 
2 0.115289 -0.00946965 0.00969818 0.0199615 -0.016066 -0.0015731 -0.000391663 0.0420139 0.0444353 -0.0283148 0.0153269 0.0343352 -0.0111937 
2 0.0778425 0.000103222 0.0130094 -0.00476671 -0.00741033 0.0151711 -0.0123268 0.0520803 0.00748408 -0.0200622 0.0257039 0.00947943 -0.0190029 
2 0.0664197 -0.00291396 0.00767003 0.00416806 -0.00409244 0.0201399 0.00466148 0.025751 0.0142452 -0.000816359 0.00467369 0.0195819 -0.00826574 
2 0.0916236 0.00325061 0.0244414 -0.00986335 -0.00853255 0.019387 -0.0106173 0.0496946 0.0163926 -0.026128 0.0223439 0.0268991 -0.0296311 
2 0.0942624 -0.00228351 0.0143619 0.00122696 -0.00488072 0.0364813 -0.013041 0.0366333 0.0127789 -0.0195726 0.0131266 0.0123188 -0.0215709 
2 0.129896 -0.0163959 0.0110376 0.00459929 -0.0143571 0.0391715 -0.0254075 0.046331 0.0224246 -0.0233582 0.00198654 0.0216146 -0.0134566 
2 0.0864056 -0.000126786 0.00301994 0.00279449 -0.00208545 0.0269044 0.0123962 0.0187885 0.0131185 -0.00483935 0.00804741 0.00610404 -0.0149078 
2 0.0952887 -0.0061763 0.00807145 0.00585934 -0.000174648 0.028466 -0.00828966 0.0322457 0.0109642 -0.013599 0.00719107 0.0138925 -0.0170821 
2 0.0806165 -0.0103919 0.0181663 0.00025739 -0.0123729 0.0112407 -0.0242166 0.0447788 0.0203482 -0.0307802 0.0129385 0.0273061 -0.0216561 
2 0.07319 -0.00512328 0.00797422 -0.000116351 -0.00870035 0.0227318 -0.00381407 0.0320106 0.0134853 -0.0122273 0.0123017 0.0110645 -0.014146 
2 0.0839071 -0.0196188 0.0106725 0.0117603 -0.0142129 0.0140019 -0.018214 0.0356735 0.0241957 -0.01973 0.00074606 0.0235196 -0.00472203 
2 0.0719443 -0.00539586 0.00807165 0.0034137 -0.00672342 0.018611 -0.00403313 0.0255511 0.0128359 -0.00790046 0.00666091 0.0128492 -0.00857538 
2 0.0780025 -0.00591774 0.00349908 0.00712972 -0.00586948 0.0074569 -0.0113709 0.0332063 0.0117685 -0.015415 0.00814406 0.014244 -0.00950847 
2 0.0850767 -0.0173365 0.013581 0.0131826 -0.0169785 0.0118378 -0.0227557 0.041933 0.0176481 -0.0237376 0.0112688 0.0235495 -0.0121884 
2 0.0842451 0.000923816 0.0214507 -0.0101467 -0.0103466 0.00537053 -0.0184204 0.0496574 0.00855053 -0.0273622 0.0272776 0.0185357 -0.0269977 
2 0.1026 -0.0133449 0.0091656 0.00358126 -0.00971596 0.014963 -0.039487 0.0564004 0.0315338 -0.0326749 0.00564259 0.0275073 -0.00967748 
2 0.0992466 -0.00712332 0.00915765 0.00103087 -0.00262448 0.031632 -0.0130014 0.0483563 0.0187154 -0.0279944 0.0102828 0.0155378 -0.0164371 
2 0.0900854 -0.00344084 0.00755796 -0.00523772 -0.0087847 0.0221679 -0.0176242 0.0453389 0.00823649 -0.0213459 0.0189269 0.00802859 -0.0203614 
0 0.298295 -0.0195103 -0.0313185 -0.0363206 -0.0358501 0.356947 0.224578 0.112212 0.0486037 0.0240681 0.0131897 0.00418431 -0.00604579 
0 0.608857 -0.0119054 -0.0166257 -0.028032 -0.0459912 0.722743 0.423063 0.168542 0.0502642 0.0223535 0.0114482 -0.00446685 -0.0121426 
0 0.75655 0.0321183 0.0240773 -0.0190718 -0.0549771 0.894705 0.527943 0.24354 0.133251 0.10501 0.0685387 0.0259897 0.0164298 
0 0.201432 -0.00471677 -0.0050263 -0.0060665 -0.0098092 0.245226 0.163462 0.0966509 0.0606236 0.0380602 0.0156939 -1.72e-05 -0.0046105 
0 0.298091 -0.0364429 -0.0399174 -0.0450522 -0.0509287 0.369336 0.258196 0.162218 0.106428 0.0684853 0.0264808 -0.0110531 -0.0305019 
0 0.219804 -0.00329295 -0.00657152 -0.00791749 -0.0140967 0.27286 0.202564 0.145932 0.110452 0.0872554 0.0566379 0.0261352 0.00702678 
0 0.208917 -0.0123825 -0.00852947 -0.00703781 -0.0017178 0.261284 0.198645 0.144835 0.0968158 0.0610927 0.0356849 0.00794516 -0.0120477 
0 0.160537 -0.0208729 -0.0180084 -0.02197 -0.0237033 0.189843 0.131323 0.0969462 0.0657251 0.0376158 0.021335 0.0025164 -0.0170624 
0 0.174966 -0.00700237 -0.00990642 -0.0115943 -0.0162275 0.212153 0.167978 0.132036 0.101115 0.0716882 0.0475264 0.0289821 0.00563558 
0 0.188823 -0.0330943 -0.0338356 -0.0250565 -0.018972 0.202619 0.12122 0.0599738 0.0110251 0.00970926 0.00161216 -0.0115156 -0.0201662 
0 0.161344 -0.0329152 -0.0269889 -0.0246238 -0.030132 0.154743 0.0773966 0.043934 0.00615938 -0.00439189 -0.0134061 -0.0208546 -0.0289611 
0 0.178985 -0.0382574 -0.0207508 -0.0111585 -0.0147585 0.159037 0.0557591 0.0187809 -0.00664959 -0.00699851 -0.020259 -0.0324572 -0.0402988 
0 0.221721 -0.0412797 -0.0157321 0.000950004 -0.00248662 0.216349 0.0771448 0.00646321 -0.0115732 -0.0046185 -0.0191363 -0.0377696 -0.0504091 
0 0.33543 -0.0254546 -0.0172024 -0.0227674 -0.0383652 0.397082 0.269228 0.196355 0.142923 0.0873492 0.0514715 0.0206255 -0.0146093 
0 0.166981 -0.0327429 -0.027353 -0.0227255 -0.0218271 0.199404 0.12511 0.0637118 0.026524 0.00521071 -0.0100878 -0.0236597 -0.0324172 
0 0.22692 -0.036831 -0.0205757 -0.014238 -0.0105973 0.257299 0.161447 0.108555 0.0606864 0.0163742 -0.00271223 -0.0195889 -0.0397608 
0 0.346314 -0.0766911 -0.0699775 -0.0548965 -0.0396289 0.431571 0.304121 0.18386 0.10124 0.0471819 0.00350775 -0.0368041 -0.0664257 
0 0.300397 -0.0674631 -0.0663096 -0.0551538 -0.044746 0.380784 0.279927 0.178699 0.106875 0.0591027 0.0191856 -0.0190756 -0.0509587 
0 0.178792 0.00534074 0.00726586 -0.00154081 -0.00833966 0.208753 0.159322 0.149143 0.110532 0.0661098 0.0607044 0.0469176 0.0141609 
0 0.135851 0.0349255 0.0295778 0.0237756 0.0165622 0.181178 0.156477 0.130735 0.109634 0.0920883 0.0748352 0.0576931 0.0435625 
0 0.250184 -0.012595 -0.0217832 -0.0272778 -0.0309904 0.308977 0.21417 0.128776 0.0799718 0.0597957 0.0406195 0.0184021 0.00102849 
0 0.327784 -0.020856 -0.0247896 -0.0317718 -0.0409989 0.404484 0.275881 0.1601 0.0951681 0.0644543 0.0368888 0.00673506 -0.013761 
0 0.449871 -0.00899914 -0.0235638 -0.0411198 -0.0594437 0.556368 0.387864 0.241939 0.163603 0.126511 0.0848549 0.0392708 0.00834893 
0 0.427924 -0.0237445 -0.0338601 -0.0413437 -0.0582571 0.531771 0.385788 0.250977 0.158445 0.111873 0.0670659 0.0186105 -0.00815736 
0 0.300935 -0.00507386 -0.00826646 -0.013536 -0.0214827 0.379425 0.291853 0.206238 0.146743 0.10805 0.0638798 0.0293732 0.00530613 
0 0.223707 0.0162299 0.00841234 -0.00250607 -0.0123667 0.28101 0.228759 0.173652 0.130812 0.107857 0.0752202 0.0526947 0.0309781 
0 0.17614 -0.00537578 -0.0117826 -0.0184755 -0.0237132 0.211727 0.141573 0.0926984 0.0662997 0.0463002 0.0280886 0.0131682 0.00223773 
0 0.199631 -0.00282724 -0.00349307 -0.0084055 -0.0179122 0.239613 0.15713 0.0984417 0.0693452 0.0491608 0.0289506 0.0110196 0.000140554 
0 0.19289 0.0059307 -0.00030258 -0.00117063 -0.00924564 0.228003 0.171833 0.135335 0.0951621 0.0770056 0.0539348 0.0253126 0.0143845 
0 0.159853 -0.00372845 -0.00671933 -0.0111863 -0.0174901 0.198191 0.151606 0.119395 0.0901604 0.0632241 0.0419284 0.0211496 0.00418055 
0 0.116919 0.012526 0.00928968 0.00494658 -0.00286688 0.142475 0.10939 0.0905782 0.0720326 0.0563382 0.0427499 0.0288859 0.0189217 
0 0.079538 0.012598 0.0111464 0.0073568 0.00157275 0.101351 0.0813607 0.0663032 0.054681 0.044636 0.0350844 0.0250023 0.0165753 
0 0.0949391 0.00138002 0.00262837 0.00155213 -0.0033791 0.110978 0.0706238 0.0459883 0.0327646 0.0223886 0.0132044 0.00590405 0.0019813 
0 0.119774 0.0013689 -3.01e-05 -0.00247461 -0.00627929 0.139997 0.0928925 0.0659754 0.0483178 0.0342687 0.0227196 0.00996111 0.00225618 
0 0.150212 -0.0033034 -0.00608728 -0.00999617 -0.0153573 0.175673 0.119189 0.0880407 0.0643985 0.0448084 0.0293818 0.0125362 0.000626932 
0 0.127716 0.0021997 0.0025472 0.000803992 -0.00294002 0.149006 0.0990811 0.0711311 0.0530638 0.0356255 0.0219724 0.0107984 0.00280663 
0 0.132767 0.00665012 0.00450609 0.000255853 -0.00687782 0.164927 0.122774 0.092579 0.0726841 0.0544354 0.0377651 0.0232522 0.0119693 
0 0.107637 0.0168177 0.0143966 0.00835238 0.0019365 0.131761 0.0991623 0.0821003 0.070398 0.0573056 0.0456285 0.0329168 0.021257 
0 0.0854528 0.00971955 0.00629501 0.00599855 0.000605498 0.102558 0.0850812 0.0690471 0.0480319 0.0425518 0.0324191 0.0205924 0.0158046 
0 0.0986723 0.00374004 0.00554368 0.00737125 0.00931731 0.111998 0.079922 0.0648293 0.0519307 0.0399365 0.0264252 0.0187427 0.00822872 
0 0.141676 -0.00174645 -0.000745918 -0.00783537 -0.020976 0.16382 0.0999526 0.0535125 0.0218176 0.00425232 -0.00292089 -0.00633071 -0.00555441 
0 0.243928 -0.00773224 -0.010148 -0.0294139 -0.0550248 0.304748 0.213871 0.119083 0.0449761 0.00135539 -0.0152828 -0.0175518 -0.0137839 
0 0.142279 0.00224823 -0.00172153 0.00294902 -0.00239865 0.147724 0.101164 0.049535 0.0212384 0.0149194 0.0048132 0.00552734 0.00129338 
0 0.121396 -0.00349591 0.00778282 0.0107762 -0.00292554 0.0841356 0.09451 0.0247332 0.0408855 0.0115783 0.0209492 -0.00434538 0.00526536 
0 0.179904 0.0050741 0.000652981 0.00608833 -0.0108502 0.165655 0.129845 0.0754119 0.0442329 0.0242562 0.0113168 0.014433 -0.00304684 
0 0.109176 0.0253685 0.0228704 0.0151574 0.00668854 0.134946 0.106729 0.0931182 0.0811842 0.0682803 0.0568755 0.0424809 0.0291823 
0 0.0953724 0.0125158 0.0144425 0.0102383 0.00670193 0.0909836 0.0512149 0.0505837 0.0378564 0.0253469 0.0239725 0.0220976 0.012951 
0 0.104627 -0.0080096 -0.000222673 -0.0075849 -0.0122478 0.0726388 0.0251625 0.051033 0.0242131 0.000993668 0.0202757 0.010205 -0.0119878 
0 0.102829 -0.0136445 -0.00700404 -0.00816578 -0.0122654 0.0878123 0.0364753 0.0529413 0.0377421 0.00618156 0.00823004 0.00885959 -0.00830308 
0 0.121932 -0.0113364 0.011902 0.00332994 -0.0125363 0.0938554 0.0556774 0.0867169 0.0621431 0.0244462 0.0227425 0.0373094 0.0060048 
0 0.0750969 0.00660289 0.00860169 0.0024162 -0.00262302 0.0815019 0.0563866 0.0499054 0.0404148 0.0333103 0.0270965 0.0204304 0.00990363 
0 0.126149 -0.0115012 -0.0010654 -0.00546879 -0.0159198 0.119768 0.0500813 0.0322509 0.01496 -0.0024888 -0.00397949 -0.00157239 -0.0101643 
0 0.181901 -0.000317707 0.0166892 0.00387641 -0.0231666 0.171485 0.0690348 0.0448155 0.00269773 -0.031022 -0.00956733 0.00535259 -0.00710559 
0 0.261367 0.0120649 0.00815912 -0.0151888 -0.0358533 0.272974 0.120915 0.0378228 -0.00716241 -0.0220334 -0.00650282 0.00397062 0.00476711 
0 0.27876 -0.0293181 -0.0297664 -0.0297919 -0.0296894 0.308604 0.157268 0.0588913 0.0285065 0.0254493 0.0163185 -0.00128259 -0.018719 
0 0.252034 -0.0241166 -0.0179623 -0.0253301 -0.0319961 0.281928 0.176468 0.128039 0.0841733 0.0471625 0.0331463 0.0117569 -0.0183443 
0 0.16613 -0.0176961 -0.0174091 -0.0245971 -0.0294915 0.185898 0.119352 0.0906744 0.0588278 0.0322219 0.0234406 0.00646787 -0.0143579 
0 0.21749 -0.0213409 -0.0142863 -0.0170978 -0.0277323 0.262759 0.180403 0.107297 0.0502748 0.018673 0.000774334 -0.012883 -0.0211624 
0 0.288025 -0.0291196 -0.0295506 -0.0382892 -0.0434121 0.352836 0.248706 0.16007 0.0889617 0.0409866 0.0194487 -0.00190359 -0.0235255 
0 0.364782 -0.0523807 -0.0486067 -0.0616572 -0.0695498 0.440717 0.316201 0.223455 0.138107 0.0674482 0.0334051 0.00538045 -0.0386338 
0 0.419232 -0.0222094 -0.0271453 -0.0398535 -0.0474789 0.526792 0.396515 0.281664 0.189984 0.119666 0.0687012 0.0227497 -0.0117875 
0 0.255383 -0.00430248 -0.0121772 -0.0194426 -0.0373957 0.310738 0.25002 0.201005 0.13941 0.102384 0.0717441 0.0397777 0.0146105 
0 0.199657 0.00139259 0.000142201 -0.0162385 -0.0415716 0.165583 0.0391419 -0.00738557 -0.0397903 -0.0284519 -0.00847744 0.013748 0.0168745 
0 0.141704 0.00352214 0.00741042 0.00834779 -0.000503536 0.0984573 0.0289677 0.0291995 -0.0122989 -0.0199843 -0.00102382 -0.00878039 -0.009919 
