-1.45754 1.20282 0.285639 1.94591 0.854415 1.54756 7 2.35 404 27.5 4.7 2.2 63.3 
-1.10317 1.27784 0.830116 1.60944 0.854415 1.43508 5 2.35 406 26.3 4.2 2.5 61.6 
-1.59655 0.747815 0.486327 1.94591 1.0116 1.54756 7 2.75 403 28.3 4.7 1.9 60.9 
-1.40071 1.12529 -0.175748 2.19722 0.631272 1.60944 9 1.88 403 24.5 5 1.1 67 
-1.04928 0.116163 0.452247 2.3979 0.322083 1.335 11 1.38 400 14.8 3.8 1.9 73 
-0.257513 1.49311 0.130608 2.56495 -0.174353 1.09861 13 0.84 400 18 3 3.4 75.8 
1.78555 -0.638743 -0.823178 2.7213 -1.17118 1.28093 15.2 0.31 402 2 3.6 8.2 72.4 
0.101767 2.6889 -1.69136 2.56495 -0.510826 1.60944 13 0.6 405 19.9 5 3 75.3 
-0.403705 1.26161 -0.126998 2.70805 -0.174353 1.1314 15 0.84 400 19 3.1 3.2 75.2 
0.453711 1.92327 -0.788869 2.70805 -0.510826 1.335 15 0.6 399 17.5 3.8 2.7 74.9 
0.507618 0.650266 -0.950672 2.30259 -0.693147 1.56862 10 0.5 407 4 4.8 2.4 77.5 
-0.497654 -0.586628 -1.63695 2.07944 -0.967584 1.38629 8 0.38 428 0 4 1.2 80 
0.399945 -0.175255 -2.30849 1.97408 -1.20397 1.64866 7.2 0.3 428 0 5.2 1.9 75.8 
0.0251457 0.647865 -0.189802 2.30259 -0.162519 1.45862 10 0.85 402 11.8 4.3 1.7 72.5 
1.08452 -0.47121 0.542231 2.80336 -0.916291 0.693147 16.5 0.4 400 6 2 4 76.4 
-0.259584 -0.50177 0.563225 2.89037 -0.223144 1.02962 18 0.8 395 9 2.8 3.8 77.5 
-0.86079 -1.31744 0.13432 2.99573 0 1.19392 20 1 397 11.4 3.3 3.1 73.7 
0.370288 0.127968 -0.635874 2.30259 -0.510826 1.56862 10 0.6 405 4 4.8 2.4 75.5 
-0.00941605 -0.755107 -0.799287 2.5096 -0.527633 1.60944 12.3 0.59 405 0 5 3 78 
-0.170482 0.457547 -0.291347 2.30259 -0.150823 1.45862 10 0.86 404 11.8 4.3 1.7 72.5 
-0.247713 1.51359 0.138532 2.55723 -0.174353 1.09861 12.9 0.84 400 18 3 3.4 75.8 
2.36311 -0.170837 0.934137 2.34181 -0.478036 1.43508 10.4 0.62 385 2 4.2 12.6 67.8 
2.1304 -0.572765 0.920876 2.5096 -0.510826 1.36098 12.3 0.6 385 1 3.9 12 69.5 
1.33011 -0.758923 1.38601 2.30259 -0.127833 1.41099 10 0.88 386 0 4.1 6.4 71.2 
0.961828 0.759353 0.947913 2.52573 -0.116534 1.4816 12.5 0.89 383 4.3 4.4 5.3 77 
-0.479433 0.654837 -1.51661 2.20276 -0.776529 1.41099 9.05 0.46 421 6.6 4.1 2.5 80 
0.689251 0.527711 -0.71809 2.06686 -0.916291 1.38629 7.9 0.4 413 0 4 3.7 79.6 
-0.842054 -1.15116 -1.50617 3.04452 -0.693147 1.4816 21 0.5 408 1.3 4.4 2 83.2 
0.939964 -1.19424 -1.96047 3.69387 -1.60944 0.916291 40.2 0.2 406 7 2.5 6.8 78 
0.736507 0.167598 -0.658828 2.37024 -0.693147 1.45862 10.7 0.5 405 4.3 4.3 4.6 75 
0.89783 0.277539 -0.360715 1.94591 -0.527633 1.6864 7 0.59 405 0 5.4 5.7 74.5 
0.328318 0.079631 -1.10926 3.3673 -1.23787 0.875469 29 0.29 404 7.3 2.4 3.7 84.2 
-1.36146 -1.53629 -1.85041 3.2308 -0.235722 1.74047 25.3 0.79 404 9 5.7 1.4 75.8 
-0.151679 0.0166901 -1.12795 3.21888 -0.941609 1.09861 25 0.39 404 7 3 1.5 83.8 
-1.10884 1.02656 -0.190147 2.24601 0.48858 1.4816 9.45 1.63 404 25.8 4.4 1.3 65.2 
-1.05116 1.20292 -0.258824 2.19722 0.350657 1.56862 9 1.42 404 20 4.8 1.9 70.5 
-0.961921 -0.286394 -0.710956 3.21888 -0.510826 1.06471 25 0.6 403 10.7 2.9 1.6 82.4 
2.83079 -1.34083 -0.439109 2.32239 -1.20397 1.30833 10.2 0.3 403 1 3.7 14.5 62.5 
0.0903554 0.501171 -0.0442053 1.981 -0.105361 1.66771 7.25 0.9 403 5.3 5.3 4.7 74.2 
2.47794 0.532621 -0.821722 1.7492 -0.832409 1.93152 5.75 0.435 403 0 6.9 11.7 66 
-0.601391 -0.929896 -2.06698 3.69387 -0.84397 1.41099 40.2 0.43 401 8.3 4.1 3.7 81.4 
-0.652151 0.771524 1.32437 2.52573 0.0676586 0.587787 12.5 1.07 401 22 1.8 2.2 73 
-1.44347 0.92313 0.169329 2.37024 0.530628 1.41099 10.7 1.7 401 22 4.1 2.2 71 
-0.386301 -0.777951 0.344722 2.78501 -0.223144 1.02962 16.2 0.8 400 10.5 2.8 1.8 74.7 
-1.05149 -0.399763 0.794443 2.49321 0.378436 1.09861 12.1 1.46 400 18.6 3 2.1 69 
0.81873 -0.399734 -0.405228 2.30259 -0.494296 1.6864 10 0.61 400 0 5.4 6.8 74 
0.123643 0.00627861 -0.296758 2.44235 -0.314711 1.66771 11.5 0.73 398 1 5.3 4.4 79 
0.0566317 -0.877334 1.12677 2.32728 -0.139262 1.19392 10.25 0.87 397 0.5 3.3 4.1 77.5 
-0.0027465 -0.977132 -1.80524 3.3499 -0.693147 1.77495 28.5 0.5 396 2.6 5.9 3.1 79.2 
0.0856666 -0.48114 0.890134 2.49733 -0.139262 1.19392 12.15 0.87 395 4.7 3.3 2.9 76.4 
0.984159 -0.574926 -0.536943 3.24649 -0.798508 1.22378 25.7 0.45 392 7.1 3.4 2.5 75 
-0.573905 1.02358 0.1345 2.5177 0.182322 1.64866 12.4 1.2 392 9.6 5.2 2.3 79 
1.46191 -0.776515 0.78162 2.49733 -0.527633 1.22378 12.15 0.59 392 1.4 3.4 8.9 72 
-0.241303 -0.108252 0.657622 3.2308 -0.415515 0.832909 25.3 0.66 391 8.3 2.3 1.6 83.5 
-0.933645 -0.293429 0.668107 2.96527 0.0487902 1.19392 19.4 1.05 391 7.2 3.3 1.4 82.5 
-1.73004 -4.29538 1.15336 3.2068 0.470004 1.25276 24.7 1.6 390 0 3.5 0.5 75 
-0.253759 0.961625 -0.309207 2.81541 -0.139262 1.66771 16.7 0.87 390 6.3 5.3 2.8 82.5 
-0.566556 0.210232 0.331828 2.74084 0.173953 1.50408 15.5 1.19 390 9.8 4.5 1.6 77.3 
-0.164033 0.163975 -0.619014 3.69387 -0.502527 1.06471 40.2 0.605 389 16.5 2.9 2.7 78.5 
-1.45436 -1.17127 0.728856 3.45947 0.19062 0.916291 31.8 1.21 389 14.7 2.5 1.3 78.5 
-0.827043 -0.0675474 0.826261 3.23475 -0.0998203 0.916291 25.4 0.905 389 10 2.5 1.8 84 
2.07292 -0.0568211 0.381444 3.41444 -1.03564 0.832909 30.4 0.355 383 7.8 2.3 7.6 75.4 
1.29068 0.698853 0.0102574 3.12236 -0.673345 1.36098 22.7 0.51 383 4.2 3.9 4 80.5 
0.014271 -1.26263 -0.558916 4.2697 -0.693147 0.955511 71.5 0.5 382 11.4 2.6 4.1 80.4 
0.60032 0.52075 -0.443876 3.6763 -0.693147 1.22378 39.5 0.5 382 8.8 3.4 7.3 83 
0.698843 -0.594206 2.37995 2.5177 0.173953 0.955511 12.4 1.19 382 7 2.6 2.9 72.1 
-0.432831 -0.269866 0.0539647 4.06903 -0.510826 0.875469 58.5 0.6 381 10.4 2.4 1.9 87 
0.0537737 0.647065 1.22849 2.77259 0.182322 1.335 16 1.2 381 8.6 3.8 2.9 78.8 
-0.994494 -1.17148 -1.67303 4.39445 -0.356675 1.64866 81 0.7 380 9 5.2 1.3 84.1 
0.335951 0.51176 0.0985261 3.38777 -0.34249 1.36098 29.6 0.71 380 7.1 3.9 3.6 82.7 
-0.172002 0.0604103 0.706823 3.2308 0.00995033 1.30833 25.3 1.01 380 8 3.7 2.2 81 
-1.03531 0.225262 0.724579 3.21888 0.48858 1.38629 25 1.63 380 15.7 4 0.5 77.5 
0.779806 1.31601 1.06286 2.77259 -0.127833 1.30833 16 0.88 380 7.6 3.7 4 80 
-1.05566 -0.282654 0.867442 3.6763 0.19062 0.993252 39.5 1.21 379 15 2.7 1.8 81.5 
0.201306 -1.04668 1.61378 2.98062 0.076961 1.19392 19.7 1.08 379 2.2 3.3 1.8 78.5 
-0.0953366 0.0143647 0.102109 3.63759 -0.210721 1.32176 38 0.81 378 8.8 3.75 2.1 82.5 
-0.0652463 -0.449255 1.57874 3.43076 0.207014 1.02962 30.9 1.23 373 11.6 2.8 2 77.5 
-0.123375 -1.84356 0.432185 4.33729 -0.223144 1.335 76.5 0.8 365 0 3.8 3.1 86.7 
-1.04513 0.322678 1.43199 3.73767 0.854415 1.22378 42 2.35 365 24 3.4 0.5 74.2 
1.08871 1.20682 2.05 4.63473 0.223144 1.25276 103 1.25 334 10.5 3.5 4.6 87.5
