158 318 47 345 68 
148 312 52 290 56 
124 265 27 167 46 
104 222 13 67 38 
143 274 31 238 51 
99 216 14 68 35 
109 217 15 75 34 
96 202 4 54 32 
119 272 23 128 44 
123 273 32 150 49 
135 260 30 117 48 
133 276 26 190 47 
126 270 24 160 50 
130 280 31 212 52 
134 262 31 208 50 
120 312 42 235 61 
94 220 9 52 34 
102 212 13 74 32 
85 196 7 42 28 
104 226 13 69 38 
134 284 50 268 61 
137 320 39 323 60 
140 331 47 359 60 
126 276 40 167 46 
92 186 5 33 30 
98 213 12 51 35 
130 291 26 170 47 
137 298 32 224 54 
140 287 40 238 55 
106 230 16 68 40 
135 293 33 208 57 
135 298 28 167 48 
134 290 28 187 47 
135 282 42 191 52 
104 221 15 58 37 
135 287 27 180 54 
129 228 33 188 46 
107 210 14 65 33 
131 308 29 299 58 
124 265 26 159 48 
124 270 25 145 44 
99 208 9 54 33 
123 277 18 129 45 
110 241 23 104 39 
105 219 13 66 38 
87 170 6 24 27 
75 150 6 19 21 
65 132 1 10 20 
86 175 8 36 30 
69 150 5 18 22 
79 162 6 20 25 
124 252 22 133 47 
131 275 24 179 48 
107 224 13 69 36 
100 211 11 59 33 
126 254 18 120 46 
114 234 17 72 37 
108 221 15 74 37 
80 167 7 27 27 
106 220 14 52 36 
118 227 14 76 35 
83 177 8 25 25 
112 230 18 125 47 
132 288 24 138 46 
127 275 29 191 54 
120 273 21 148 42 
110 246 17 90 37 
115 250 17 120 43 
131 290 34 203 48 
111 226 16 64 35 
121 269 22 124 45 
121 267 24 153 48 
123 263 19 151 48 
104 217 13 68 36 
93 188 10 51 33 
76 152 5 19 25 
112 227 15 88 38 
110 216 12 53 25 
112 242 12 61 45 
123 260 24 133 44 
101 196 15 68 35 
105 220 16 64 36 
